14397
17012
21878
13421
2243
19587
16815
22739
18334
22024
29723
28898
7355
32017
4382
21436
30149
24429
19167
2107
9788
2667
8700
21208
19911
6117
7805
23244
30923
7293
5383
10869
12092
19239
19538
3834
26035
29160
5853
6962
1217
13277
13537
20930
31364
9342
4739
14982
2679
10276
13901
26419
20366
15817
29663
11066
9347
5647
14050
2799
26218
7044
31294
9706
17804
20517
16269
8365
6258
9249
6863
20872
25920
10719
9823
13498
5445
19265
29478
27609
1743
25643
18702
19572
28996
26175
19385
16886
20334
27115
22388
1741
17431
20646
10854
30924
11478
23670
11789
3278
