14250
24854
4422
11916
29607
6724
7827
23394
28976
3775
3610
26916
26914
8328
21542
27654
2987
14494
2321
24841
20378
26921
21161
463
18137
32760
31960
2734
7223
7469
1413
9987
7787
8759
8117
30665
31830
3329
29174
26730
5769
4969
5117
17876
2567
4852
3982
19408
22604
10432
26780
7311
20622
1466
28850
22150
7746
21264
27025
15485
8418
15082
15131
9186
28910
26965
16495
7522
13873
6527
28758
3003
13125
810
25822
7371
10841
15451
1604
22765
32562
25426
23831
15494
14960
9407
20379
4059
21011
29235
20076
28966
23357
31957
13411
17640
2361
18518
23997
128
